# energy, flx_e, flx_mu, flx_ta 
8.29038e+12  2.8945e+02  2.8990e+02  2.8978e+02
8.90315e+12  2.5114e+02  2.5160e+02  2.5147e+02
9.56121e+12  2.1793e+02  2.1838e+02  2.1826e+02
1.02679e+13  1.8913e+02  1.8958e+02  1.8946e+02
1.10268e+13  1.6415e+02  1.6461e+02  1.6449e+02
1.18419e+13  1.4250e+02  1.4295e+02  1.4283e+02
1.27171e+13  1.2372e+02  1.2418e+02  1.2406e+02
1.36571e+13  1.0744e+02  1.0790e+02  1.0778e+02
1.46665e+13  9.3328e+01  9.3782e+01  9.3660e+01
1.57506e+13  8.1088e+01  8.1541e+01  8.1419e+01
1.69147e+13  7.0474e+01  7.0928e+01  7.0806e+01
1.81650e+13  6.1272e+01  6.1724e+01  6.1602e+01
1.95076e+13  5.3292e+01  5.3744e+01  5.3622e+01
2.09495e+13  4.6372e+01  4.6824e+01  4.6703e+01
2.24979e+13  4.0373e+01  4.0824e+01  4.0702e+01
2.41608e+13  3.5170e+01  3.5621e+01  3.5499e+01
2.59466e+13  3.0659e+01  3.1109e+01  3.0988e+01
2.78644e+13  2.6747e+01  2.7196e+01  2.7075e+01
2.99239e+13  2.3354e+01  2.3803e+01  2.3682e+01
3.21357e+13  2.0412e+01  2.0860e+01  2.0740e+01
3.45109e+13  1.7860e+01  1.8308e+01  1.8187e+01
3.70617e+13  1.5646e+01  1.6092e+01  1.5972e+01
3.98011e+13  1.3718e+01  1.4161e+01  1.4041e+01
4.27429e+13  1.2027e+01  1.2466e+01  1.2348e+01
4.59021e+13  1.0549e+01  1.0983e+01  1.0866e+01
4.92949e+13  9.2536e+00  9.6811e+00  9.5660e+00
5.29384e+13  8.1139e+00  8.5338e+00  8.4208e+00
5.68513e+13  7.1114e+00  7.5223e+00  7.4116e+00
6.10533e+13  6.2304e+00  6.6307e+00  6.5229e+00
6.55660e+13  5.4550e+00  5.8433e+00  5.7387e+00
7.04121e+13  4.7708e+00  5.1455e+00  5.0446e+00
7.56165e+13  4.1652e+00  4.5249e+00  4.4280e+00
8.12056e+13  3.6270e+00  3.9704e+00  3.8780e+00
8.72077e+13  3.1470e+00  3.4726e+00  3.3849e+00
9.36535e+13  2.7168e+00  3.0233e+00  2.9407e+00
1.00576e+14  2.3293e+00  2.6153e+00  2.5383e+00
1.08010e+14  1.9784e+00  2.2427e+00  2.1715e+00
1.15993e+14  1.6591e+00  1.9003e+00  1.8353e+00
1.24566e+14  1.3675e+00  1.5843e+00  1.5259e+00
1.33773e+14  1.1036e+00  1.2953e+00  1.2437e+00
1.43661e+14  8.7620e-01  1.0424e+00  9.9767e-01
1.54279e+14  6.8669e-01  8.2767e-01  7.8970e-01
1.65683e+14  5.2922e-01  6.4573e-01  6.1435e-01
1.77929e+14  3.9813e-01  4.9134e-01  4.6624e-01
1.91080e+14  2.8872e-01  3.6004e-01  3.4083e-01
2.05203e+14  1.9710e-01  2.4808e-01  2.3435e-01
2.20370e+14  1.2012e-01  1.5233e-01  1.4365e-01
2.36659e+14  5.5255e-02  7.0325e-02  6.6267e-02
2.54151e+14  8.4098e-04  6.4149e-04  6.9592e-04
2.72936e+14  2.9706e-01  3.0919e-01  3.0592e-01
2.93109e+14  2.6084e-01  2.7312e-01  2.6981e-01
3.14774e+14  2.2842e-01  2.4054e-01  2.3727e-01
3.38040e+14  1.9984e-01  2.1169e-01  2.0850e-01
3.63025e+14  1.7467e-01  1.8617e-01  1.8308e-01
3.89858e+14  1.5246e-01  1.6357e-01  1.6058e-01
4.18673e+14  1.3281e-01  1.4348e-01  1.4060e-01
4.49618e+14  1.1537e-01  1.2554e-01  1.2280e-01
4.82851e+14  9.9823e-02  1.0947e-01  1.0687e-01
5.18540e+14  8.5915e-02  9.4983e-02  9.2541e-02
5.56867e+14  7.3412e-02  8.1862e-02  7.9587e-02
5.98027e+14  6.2116e-02  6.9908e-02  6.7810e-02
6.42229e+14  5.1859e-02  5.8953e-02  5.7043e-02
6.89698e+14  4.2509e-02  4.8868e-02  4.7155e-02
7.40675e+14  3.4058e-02  3.9651e-02  3.8145e-02
7.95421e+14  2.6813e-02  3.1632e-02  3.0334e-02
8.54213e+14  2.0827e-02  2.4887e-02  2.3794e-02
9.17350e+14  1.5903e-02  1.9237e-02  1.8339e-02
9.85154e+14  1.1852e-02  1.4502e-02  1.3788e-02
1.05797e+15  8.5137e-03  1.0529e-02  9.9859e-03
1.13617e+15  5.7594e-03  7.1911e-03  6.8055e-03
1.22015e+15  3.4824e-03  4.3834e-03  4.1408e-03
1.31033e+15  1.5959e-03  2.0178e-03  1.9042e-03
1.40718e+15  2.9368e-05  2.1555e-05  2.3687e-05
1.51119e+15  8.3243e-03  8.2046e-03  8.2368e-03
1.62289e+15  7.5017e-03  7.4950e-03  7.4968e-03
1.74284e+15  6.5132e-03  6.5104e-03  6.5112e-03
1.87166e+15  5.6501e-03  5.6486e-03  5.6490e-03
2.01000e+15  4.9002e-03  4.8993e-03  4.8995e-03
2.15856e+15  4.2494e-03  4.2489e-03  4.2490e-03
2.31811e+15  3.6849e-03  3.6846e-03  3.6847e-03
2.48945e+15  3.1954e-03  3.1951e-03  3.1952e-03
2.67345e+15  2.7708e-03  2.7706e-03  2.7706e-03
2.87105e+15  2.4026e-03  2.4024e-03  2.4025e-03
3.08326e+15  2.0833e-03  2.0832e-03  2.0832e-03
3.31115e+15  1.8064e-03  1.8063e-03  1.8064e-03
3.55589e+15  1.5663e-03  1.5663e-03  1.5663e-03
3.81871e+15  1.3582e-03  1.3581e-03  1.3581e-03
4.10097e+15  1.1777e-03  1.1776e-03  1.1776e-03
4.40408e+15  1.0211e-03  1.0211e-03  1.0211e-03
4.72960e+15  8.8543e-04  8.8540e-04  8.8541e-04
5.07918e+15  7.6774e-04  7.6773e-04  7.6773e-04
5.45460e+15  6.6570e-04  6.6569e-04  6.6569e-04
5.85776e+15  5.7722e-04  5.7721e-04  5.7721e-04
6.29073e+15  5.0050e-04  5.0049e-04  5.0050e-04
6.75569e+15  4.3398e-04  4.3397e-04  4.3397e-04
7.25503e+15  3.7630e-04  3.7629e-04  3.7629e-04
7.79127e+15  3.2628e-04  3.2628e-04  3.2628e-04
8.36714e+15  2.8291e-04  2.8291e-04  2.8291e-04
8.98558e+15  2.4531e-04  2.4531e-04  2.4531e-04
9.64974e+15  2.1270e-04  2.1270e-04  2.1270e-04
